7.3416991
7.3416906
7.341698
7.3416995
7.3416983
7.3416941
7.3417
7.3416992
7.3416934
7.3416948
7.3416948
7.341696
7.3416978
7.3416947
7.3416984
7.3416963
7.3416948
7.3416959
7.3416963
7.3416943
7.3416962
7.3416948
7.3417029
7.3417022
7.3416963
7.3416943
7.3417027
7.3417
7.3416989
7.3416946
7.3416973
7.3416973
7.3416938
7.3416985
7.3416948
7.3416985
7.3417063
7.3416977
7.3416951
7.3416954
7.3417079
7.3416956
7.3416964
7.3416987
7.3416955
7.3416957
7.3417004
7.3416953
7.3416986
7.3416987
7.3416996
7.3416998
7.3416964
7.3417003
7.341692
7.3416925
7.3417012
7.3417014
7.3416949
7.3416957
7.3417016
7.3416975
7.3416954
7.3416944
7.3416974
7.3416995
7.3416982
7.3417059
7.3416936
7.3416955
7.3417029
7.3416916
7.3416989
7.3417002
7.341699
7.3416954
7.3416932
7.3416919
7.3416937
7.3416958
7.3416939
7.3416953
7.3416962
7.341695
7.3416991
7.3416982
7.3417005
7.3417015
7.3416925
7.3416985
7.3416975
7.3416948
7.3417076
7.3416928
7.3416973
7.3416918
7.3416961
7.341697
7.3416934
7.3416994
7.3416939
7.341695
7.3416966
7.3417035
7.3416983
7.3416949
7.3416925
7.3416999
7.3417012
7.3416931
7.3416955
7.3416945
7.3416955
7.3417036
7.3416941
7.3416971
7.3417046
7.3417006
7.3416937
7.3416947
7.3417068
7.3416954
7.3416974
7.3416974
7.3416967
7.341695
7.3416949
7.3417003
7.341693
7.3416978
7.3416975
7.3416939
7.3416958
7.3416972
7.3416957
7.3416938
7.3416981
7.3416981
7.3416945
7.3416972
7.3416989
7.3416987
7.3416999
7.3416978
7.3417008
7.3416935
7.3416943
7.3417001
7.3416928
7.341704
7.3416949
7.3416926
7.3417002
7.341702
7.3416955
7.3416982
7.341693
7.3416971
7.3416933
7.3416947
7.3416997
7.3416994
7.3416927
7.3416978
7.3417058
7.3416946
7.3416946
7.3416993
7.3416951
7.341694
7.3417014
7.3416936
7.3416936
7.3416942
7.3416952
7.3416984
7.3416934
7.3416965
7.3416948
7.3417016
7.341698
7.3417023
7.3416937
7.3416943
7.3416985
7.3416955
7.3416937
7.3416925
7.341695
7.3416948
7.3416965
7.3416976
7.3416958
7.3416976
7.3416986
7.3416948
7.341709
7.3416928
7.3416936
7.3417025
7.341698
7.3416927
7.3416978
7.3416944
7.3416961
7.3416975
7.3416976
7.3416955
7.3416974
7.3417012
7.3416941
7.3417
7.3416968
7.3416956
7.3417055
7.3416958
7.3416907
7.3417097
7.3417034
7.3416996
7.3417015
7.3416963
7.3416958
7.3416957
7.3417011
7.3417073
7.3416943
7.341702
7.3416982
7.3416999
7.3416983
7.341697
7.3416925
7.3416914
7.3416983
7.3416965
7.3416934
7.3416954
7.3416957
7.3416929
7.3416962
7.341698
7.3416948
7.3416995
7.3416914
7.3416929
7.3416964
7.3416976
7.3417038
7.3417008
7.3416954
7.3416951
7.3416976
7.3416961
7.3416971
7.341693
7.341697
7.3416983
7.3416927
7.341699
7.3416929
7.3416964
7.3417037
7.3416992
7.3417015
7.3416979
7.3416966
7.3417125
7.3416947
7.3416976
7.3416996
7.3416937
7.3416947
7.3416939
7.3416957
7.3416935
7.3417004
7.3416953
7.3416925
7.3416942
7.3416965
7.3417084
7.3416941
7.3416926
7.3416956
7.3416918
7.3416959
7.3416995
7.3416925
7.3417004
7.3417024
7.3416928
7.3416983
7.3416975
7.3416947
7.3416952
7.3416949
7.3416939
7.3417034
7.3416942
7.3416957
7.3416948
7.3416969
7.3416972
7.3416953
7.3417035
7.3417025
7.3416915
7.3417022
7.341695
7.341697
7.3416963
7.3416972
7.3417032
7.3416945
7.3416972
7.3417017
7.3416975
7.3416936
7.3417033
7.3416922
7.3416946
7.3416941
7.3416977
7.3416941
7.3416965
7.3416924
7.3416944
7.3416958
7.3416952
7.3416958
7.3416981
7.3417007
7.3416954
7.3416947
7.341694
7.3416919
7.3416976
7.3417026
7.3416941
7.3416998
7.3417003
7.3416986
7.341693
7.3416964
7.3416935
7.3416934
7.3416971
7.341701
7.3416961
7.3416973
7.3417014
7.3416941
7.3416933
7.3416971
7.3416943
7.3417015
7.3416947
7.3416983
7.3416952
7.3416947
7.3416978
7.3416983
7.3416931
7.3416976
7.3416964
7.3416983
7.3416942
7.3416917
7.3416929
7.3416984
7.3416924
7.3416942
7.3416966
7.3417094
7.3416956
7.3416949
7.341694
7.341701
7.3416926
7.341698
7.3416951
7.3416963
7.3416969
7.341705
7.3417024
7.3416934
7.3416967
7.3417039
7.3416925
7.341694
7.3416959
7.3416973
7.3416951
7.3416961
7.3416942
7.3416956
7.3416958
7.3416928
7.3416937
7.341695
7.3416996
7.3416934
7.3416978
7.3416929
7.3416933
7.3416949
7.3416933
7.3416991
7.3416962
7.3417001
7.3417033
7.3416965
7.3416977
7.3417001
7.3416924
7.3416964
7.3416999
7.3416949
7.3416964
7.3417044
7.3417014
7.3416948
7.3416964
7.3416972
7.3416953
7.3416931
7.3417027
7.341697
7.3416945
7.3416952
7.3416963
7.341697
7.3417055
7.3416974
7.3416925
7.3416967
7.3416972
7.3416967
7.3416965
7.3417004
7.3416905
7.3416958
7.3416934
7.3417063
7.3417012
7.3416972
7.3416988
7.3416953
7.3416986
7.3416954
7.341693
7.3416936
7.3416974
7.3416925
7.3416985
7.3416953
7.3416972
7.341702
7.3416937
7.3416926
7.3416998
7.3417031
7.3417012
7.3416931
7.341695
7.3416998
7.3417032
7.3416978
7.3416964
7.3416982
7.3416933
7.3416937
7.3416989
7.3416924
7.3416957
7.3417044
7.3416938
7.3417045
7.341699
7.3416984
7.3416924
7.3417006
7.3416986
7.3416943
7.3416974
7.3416929
7.3416973
7.3416947
7.341693
7.3416971
7.3416974
7.3417016
7.3416934
7.3416929
7.3416925
7.3416934
7.3416945
7.3416942
7.3417008
7.3416947
7.3416975
7.3416984
7.3416949
7.3416986
7.3416937
7.3416985
7.3416931
7.3416942
7.3416948
7.3416992
7.3416949
7.3416935
7.3416975
7.3416932
7.341694
7.3416983
7.3416985
7.3416936
7.3416939
7.341695
7.341695
7.3416941
7.3416931
7.3417024
7.3416992
7.3417031
7.3416959
7.3416924
7.3416966
7.3416953
7.3416952
7.3416977
7.3416926
7.3416961
7.3417003
7.3417025
7.341703
7.3416957
7.341694
7.3416946
7.3417035
7.3416952
7.3416953
7.3416923
7.3416977
7.3416954
7.3416974
7.3416982
7.3416962
7.3417009
7.3416925
7.3416981
7.3416924
7.3416977
7.3416923
7.3417002
7.341694
7.3416931
7.3416925
7.3416928
7.3416952
7.3416984
7.3416951
7.3416942
7.3416991
7.3416956
7.3417047
7.3416941
7.3416939
7.3416973
7.3416997
7.341699
7.3416971
7.3416933
7.3416983
7.3417111
7.3417015
7.3417052
7.3416938
7.3416987
7.3416948
7.3417045
7.3416923
7.341697
7.3416984
7.3417027
7.3417077
7.3416985
7.3417
7.3416975
7.3416966
7.3416917
7.3417003
7.3416996
7.3416977
7.3416986
7.3416929
7.3416954
7.3416924
7.3416934
7.3416954
7.3416934
7.3416964
7.3417002
7.3416944
7.3416973
7.3416933
7.3416961
7.3416991
7.3416952
7.3416972
7.341696
7.3416984
7.3416932
7.3416926
7.3416986
7.3416949
7.3416924
7.341696
7.3416999
7.3416966
7.3416978
7.3416969
7.3416924
7.3417021
7.3417
7.3417015
7.3416934
7.3416983
7.3416929
7.3416963
7.3416921
7.3416984
7.3416974
7.3417023
7.3416977
7.3416937
7.3417024
7.3416939
7.3416977
7.3416966
7.3416971
7.3417012
7.3416923
7.3416972
7.3417072
7.3416959
7.3416955
7.3416929
7.3416966
7.3416917
7.3416942
7.3416932
7.3416949
7.3416941
7.3416961
7.3416925
7.3416946
7.341697
7.3416928
7.3416987
7.3417053
7.3416913
7.3416967
7.3417032
7.3416937
7.3416974
7.3416955
7.3416936
7.3416918
7.3416942
7.3416943
7.3416991
7.3416951
7.3416925
7.3416962
7.3416928
7.3416944
7.3416993
7.3416985
7.341695
7.3416996
7.3416924
7.3416964
7.3416977
7.3417018
7.3417006
7.3416955
7.3416954
7.3416948
7.3416944
7.3416935
7.3416967
7.3416948
7.3416942
7.3417071
7.3416917
7.341695
7.3416972
7.3416971
7.3416973
7.3416973
7.3416957
7.3416982
7.341697
7.3416926
7.3416934
7.3417021
7.3417001
7.3416926
7.341696
7.3416979
7.3416932
7.3416966
7.3417024
7.3416944
7.3416952
7.3416947
7.3416941
7.3416977
7.3416931
7.3416958
7.341704
7.3416921
7.3416913
7.3416979
7.3416969
7.341693
7.3416957
7.3416979
7.3417001
7.3416955
7.3416962
7.341694
7.3416963
7.3416936
7.3416979
7.3416993
7.3416952
7.3416961
7.3416924
7.3416983
7.3416927
7.3416938
7.3416937
7.341696
7.3416969
7.3416917
7.3416941
7.3416961
7.3416946
7.3416945
7.3416936
7.3417008
7.341695
7.3416957
7.3416932
7.3417015
7.3416933
7.3416977
7.3416967
7.3416918
7.3416925
7.3417009
7.3416937
7.341696
7.3416924
7.3416999
7.3416931
7.3417052
7.3416986
7.3416934
7.3416929
7.3416973
7.3417008
7.3416962
7.3416962
7.3416927
7.3416946
7.3416995
7.3417051
7.3416961
7.3416984
7.3417034
7.3416913
7.3416929
7.341694
7.3416944
7.3416974
7.3416983
7.3416971
7.3416957
7.3416937
7.3416935
7.341701
7.3416962
7.3417029
7.3416961
7.3416975
7.3416979
7.3416962
7.3416971
7.3416962
7.3416993
7.3416965
7.3416938
7.3416957
7.3416941
7.3416997
7.3416971
7.3416925
7.3417006
7.3416933
7.3416949
7.3417057
7.3416922
7.3417035
7.3416997
7.3416992
7.3417056
7.3416926
7.341693
7.3416993
7.3416952
7.3416945
7.3416967
7.3417003
7.3416924
7.3417015
7.3416983
7.3416952
7.3416994
7.3416994
7.3416999
7.341696
7.3416967
7.3416966
7.3417003
7.3416964
7.3416984
7.3416983
7.3416926
7.3416937
7.3416945
7.3416967
7.3416983
7.3417026
7.3416957
7.3416937
7.3416985
7.3416962
7.3417028
7.3416951
7.3417056
7.3416931
7.3417092
7.3416952
7.3416945
7.3416911
7.3416972
7.3416953
7.3416977
7.3416918
7.3416951
7.3416924
7.3416991
7.3416982
7.3417092
7.3416977
7.3416963
7.3416959
7.3416918
7.3416983
7.3416932
7.3416966
7.3416961
7.3416918
7.3416985
7.3416978
7.3416958
7.3416923
7.3416985
7.341696
7.3416943
7.3416945
7.3417043
7.3416924
7.341696
7.3416923
7.3416963
7.3417097
7.3416966
7.3416927
7.3416966
7.3416942
7.3416924
7.3416995
7.3416986
7.3416925
7.3417033
7.3416952
7.3416927
7.3416974
7.3416927
7.3416982
7.3416978
7.3417017
7.3417037
7.3416935
7.341695
7.3416925
7.3416993
7.3416944
7.3417002
7.341694
7.3416927
7.3416972
7.3416968
7.3416955
7.3416932
7.3416908
7.3416925
7.3416953
7.3416943
7.3416971
7.3416914
7.3416962
7.3416988
7.3417093
7.3416954
7.3416925
7.3416999
7.3416966
7.341696
7.341698
7.3416971
7.3417043
7.3416937
7.3416976
7.3416972
7.3416914
7.3416976
7.3416949
7.3417001
7.3416969
7.3416916
7.3417013
7.3416947
7.3416955
7.341701
7.3416995
7.3416947
7.3416941
7.3416981
7.341692
7.3416939
7.3416942
7.3416917
7.3417017
7.3416963
7.3416966
7.3416929
7.3416952
7.3416969
7.3416953
7.3416938
7.3416936
7.3416962
7.3416995
7.3416955
7.3416945
7.3416959
7.3416938
7.3416998
7.3416987
7.3416976
7.3416943
7.3416938
7.3416929
7.3417016
7.3417051
7.3416953
7.3416913
7.341692
7.3416978
7.3417048
7.3416937
7.3416912
7.341695
7.3416931
7.3416968
7.3416943
7.3416929
7.3416949
7.3416924
7.3416928
7.341696
7.3416928
7.3416927
7.3416976
7.3416994
7.3416986
7.3416965
7.3417007
7.3416993
7.3416961
7.3416924
7.3416925
7.3416935
7.3416985
7.3416934
7.3416947
7.3416956
7.3416978
7.3416934
7.3416927
7.3416936
7.3416945
7.3416941
7.3416978
7.3416924
7.3416981
7.3416908
7.3417002
7.3416966
7.341699
7.3416938
7.3416937
7.341697
7.3417027
7.3416953
7.3416971
7.3416936
7.3416928
7.3416934
7.3417016
7.3416967
7.341696
7.3416983
7.3416993
7.3416983
7.3416969
7.3416939
7.3416924
7.341711
7.3416944
7.3417013
7.3416937
7.3416924
7.3416969
7.341694
7.3416933
7.3416914
7.341692
7.3416949
7.341699
7.3416954
7.3416968
7.3416965
7.3416947
7.3416961
7.3416958
7.3416971
7.341697
7.3416923
7.3417026
7.3417043
7.3416961
7.3416961
7.3416961
7.3416976
7.3416961
7.3416977
7.3416943
7.3416932
7.3416987
7.3416926
7.3416921
7.3416959
7.3416923
7.3416993
7.3416955
7.3416944
7.3416925
7.3416924
7.3416958
7.3416982
7.3416938
7.3417028
7.3416982
7.3417061
7.3416978
7.3417
7.3417002
7.341702
7.3416936
7.3416941
7.3416981
7.3416943
7.3417017
7.3416916
7.3417032
7.3416941
7.341694
7.3416997
7.3416919
7.3416954
7.3416962
7.3416927
7.3416971
7.3416997
7.3416974
7.3416944
7.3416937
7.3416987
7.3416934
7.3417013
7.3417104
7.341697
7.341693
7.3416967
7.3417002
7.341698
7.3416985
7.3416923
7.3416929
7.3416984
7.3416923
7.3416992
7.3416929
7.3417004
7.3416986
7.3416962
7.3416986
7.3416932
7.3416925
7.3416953
7.3416996
7.3417082
7.3416945
7.3417066
7.3416955
7.3416914
7.3416957
7.3416991
7.3416994
7.3416948
7.3416948
7.341696
7.3416924
7.3416955
7.3416939
7.3416944
7.3416938
7.3416936
7.3416967
7.3416929
7.341693
7.3416963
7.3416935
7.341695
7.3416929
7.3416975
7.3417015
7.3416983
7.3416932
7.3416966
7.3416935
7.3416925
7.3416935
7.3416984
7.341704
7.3416923
7.3416941
7.3416952
7.3416969
7.3416984
7.3416923
7.3417003
7.3416953
7.3416982
7.3416952
7.3416914
7.3416935
7.3416936
7.3416947
7.3416927
7.3416939
7.3416927
7.3416989
7.341694
7.3416947
7.3417001
7.3416949
7.3416923
7.3416963
7.3416949
7.3416952
7.3416923
7.3416954
7.3416937
7.3416958
7.3416963
7.3417006
7.341695
7.3417016
7.3416924
7.3416903
7.3416989
7.3417007
7.3417024
7.3416951
7.3416954
7.3416923
7.3416963
7.3416972
7.3416972
7.3416979
7.3416937
7.3416913
7.3417048
7.3416959
7.3416953
7.3417001
7.3417045
7.3416932
7.3416925
7.3416927
7.3416971
7.3416944
7.3416978
7.341703
7.3416971
7.3416943
7.3417039
7.3416964
7.3416982
7.341696
7.3416935
7.3416939
7.3416961
7.3416959
7.3417001
7.341702
7.3416942
7.3416953
7.3417035
7.3417037
7.3416979
7.341703
7.3416992
7.3416931
7.3416946
7.3417001
7.3417021
7.3416923
7.341698
7.3416965
7.3416938
7.3416941
7.3416949
7.3416923
7.3416926
7.3416967
7.3416986
7.3416945
7.3417051
7.3416994
7.3416936
7.3416958
7.3416922
7.3416927
7.3416937
7.3417018
7.3416977
7.3417027
7.3416953
7.3416924
7.3416923
7.3416928
7.3416935
7.341702
7.3416929
7.3416961
7.3417002
7.3416966
7.3416955
7.3416956
7.3416996
7.3416979
7.3417029
7.3416954
7.3416938
7.3416931
7.341697
7.3417006
7.3416923
7.3416932
7.3416951
7.3416945
7.3416956
7.3416941
7.3416967
7.3417046
7.3416924
7.3416996
7.341697
7.3417005
7.3416979
7.3416987
7.341698
7.3416953
7.3416977
7.341697
7.3416931
7.3416947
7.3416926
7.3416985
7.3416973
7.3416991
7.3416973
7.341693
7.3416995
7.3416956
7.3416936
7.3416966
7.3416994
7.3416928
7.3416982
7.3416947
7.3416935
7.3416977
7.3416924
7.3416961
7.3417069
7.341704
7.3416952
7.3416923
7.3416935
7.3416926
7.3417012
7.3416964
7.3416923
7.341697
7.3417031
7.341694
7.3416948
7.3416946
7.3416981
7.3416965
7.3416953
7.3416977
7.3417068
7.3416923
7.3417032
7.3416991
7.3416933
7.3416923
7.341701
7.3416982
7.3416963
7.3416923
7.3417007
7.3416933
7.3416942
7.3416947
7.3416978
7.3416977
7.3416936
7.341705
7.3416986
7.3416977
7.3416964
7.3416924
7.3416978
7.3416948
7.3416931
7.3416959
7.3416948
7.3416927
7.3416947
7.3416985
7.3416937
7.3417005
7.3416998
7.3416952
7.3417019
7.3416988
7.341697
7.3416955
7.3417041
7.3417005
7.3416984
7.3416989
7.3416978
7.3417132
7.341694
7.3416927
7.3416943
7.3416942
7.3416974
7.3416924
7.3416941
7.3416932
7.3416895
7.3416996
7.3416942
7.3417019
7.341697
7.3416929
7.3416999
7.3416933
7.3416937
7.3416923
7.3417025
7.3416957
7.3416926
7.3416953
7.3416925
7.3417097
7.3416935
7.3416967
7.3416962
7.3416961
7.3416957
7.3416983
7.3416931
7.3416925
7.341703
7.3416946
7.3416981
7.3416929
7.3416935
7.3417115
7.3416949
7.3416994
7.3416923
7.3416933
7.3416947
7.3416975
7.3416945
7.3416962
7.3416937
7.3416952
7.3416947
7.3416976
7.3416942
7.3416934
7.3416998
7.3416949
7.3416944
7.3416932
7.3416938
7.3416924
7.3416968
7.3416946
7.3416923
7.3417017
7.3416923
7.3416988
7.3416929
7.3416952
7.3416923
7.3416969
7.3417053
7.3417015
7.3416938
7.3416951
7.3416947
7.3416951
7.3417008
7.3417093
7.3416949
7.3416949
7.3416944
7.3416941
7.3416945
7.341692
7.3416929
7.3416939
7.3416957
7.341694
7.3416955
7.3416965
7.3416976
7.3416978
7.3416923
7.3417011
7.3416994
7.3416972
7.3416923
7.341693
7.3416934
7.3416958
7.3416949
7.3416942
7.3416969
7.3416961
7.3416962
7.341694
7.3416959
7.3416929
7.341693
7.3416945
7.3417003
7.3416942
7.3416949
7.341698
7.3417051
7.3416924
7.3416993
7.3416922
7.3416985
7.3416923
7.3416943
7.3416937
7.3416961
7.3416999
7.3416983
7.3416922
7.3416949
7.3416951
7.3416981
7.3416995
7.3416925
7.3416935
7.3417009
7.3416953
7.3416973
7.3417019
7.3416948
7.3416952
7.3416978
7.341693
7.3416948
7.3416953
7.341699
7.3416968
7.3417008
7.3416965
7.341692
7.3417058
7.3416986
7.3416964
7.3416934
7.341697
7.3416957
7.3416981
7.3416979
7.3416965
7.3416933
7.3417027
7.3416946
7.3416957
7.341694
7.3416923
7.3417044
7.3416939
7.3416955
7.3416953
7.341695
7.3416982
7.3416963
7.3416959
7.3416991
7.3416942
7.3416922
7.3416951
7.3416971
7.3416921
7.3416963
7.3416922
7.3416929
7.3416977
7.3416998
7.3416933
7.3416956
7.3417012
7.3416917
7.3416988
7.3416936
7.3416933
7.3416989
7.3416989
7.3416982
7.3416953
7.3416933
7.3416936
7.3416944
7.3416936
7.3416985
7.3416955
7.3416978
7.3416941
7.3416992
7.3416948
7.341703
7.3416922
7.3416916
7.341693
7.341692
7.3417014
7.3416984
7.341697
7.3416957
7.3416996
7.3417071
7.3416926
7.3416993
7.3416931
7.3416994
7.3416943
7.3416955
7.3416934
7.3416938
7.3416994
7.341694
7.3416937
7.3417033
7.3416937
7.3416923
7.3416938
7.3416923
7.3416956
7.3416942
7.3416935
7.3416958
7.3417073
7.3416922
7.3416967
7.3416928
7.3416973
7.3416934
7.3417003
7.3416926
7.3416956
7.3416933
7.3416929
7.3416998
7.3416955
7.3416944
7.3416948
7.3417046
7.3416933
7.3417011
7.341694
7.3416957
7.3416962
7.3416956
7.341697
7.3416941
7.3416984
7.3416957
7.3416912
7.341697
7.3417019
7.3416972
7.3416936
7.3416946
7.3416974
7.3416968
7.3416987
7.3416959
7.3416936
7.3416956
7.3416952
7.3417
7.3416922
7.341692
7.3416932
7.3416993
7.3416931
7.3416929
7.341693
7.3417002
7.3416975
7.3416945
7.3416967
7.3416951
7.3416967
7.3416942
7.3416973
7.3416945
7.341694
7.3416942
7.3416967
7.3416919
7.3417016
7.3416948
7.3416986
7.341692
7.3416954
7.3416995
7.3416932
7.3416991
7.3416972
7.3416966
7.3417002
7.3416983
7.3416974
7.3417018
7.3416961
7.3416993
7.3416955
7.3416994
7.3416926
7.3416936
7.3416982
7.3416972
7.3416922
7.341692
7.3416941
7.3416952
7.3416936
7.341694
7.3416985
7.3416957
7.3416921
7.3416934
7.3416979
7.3417015
7.3416937
7.3416942
7.3416939
7.341697
7.3416924
7.3417
7.3416991
7.3416922
7.3416953
7.3416933
7.3416954
7.3416932
7.3416976
7.3416964
7.3416968
7.3416995
7.3416965
7.3416977
7.3416995
7.3416926
7.3416952
7.3416948
7.3416958
7.3416925
7.3416964
7.3416953
7.3416906
7.3416937
7.3416987
7.3416937
7.3416958
7.3416956
7.3417067
7.3416924
7.3416923
7.3416934
7.3416986
7.3416955
7.341698
7.3416922
7.341693
7.3416941
7.3416998
7.3416987
7.3416967
7.34169
7.3416917
7.3416944
7.3416946
7.3416927
7.341693
7.3416941
7.3416922
7.3416966
7.3416931
7.3417013
7.3416943
7.341696
7.3416981
7.3416983
7.3416922
7.3416986
7.3416947
7.3416924
7.3417001
7.3416922
7.341701
7.3416956
7.3416922
7.3417015
7.3416925
7.3416935
7.3416921
7.3416976
7.3416996
7.3416971
7.3416934
7.3416939
7.341694
7.3416964
7.3416922
7.3416992
7.3416945
7.3416932
7.3416922
7.3416961
7.3416969
7.3417
7.341702
7.3416922
7.3416951
7.341696
7.3416969
7.3416922
7.3416941
7.3416926
7.3416999
7.3416942
7.3417037
7.3416924
7.3417009
7.3417014
7.3416992
7.341697
7.3416972
7.3417032
7.3416962
7.3416949
7.3416938
7.3416946
7.3416952
7.3417038
7.3416952
7.3416922
7.3416998
7.3416949
7.3416943
7.341695
7.3416962
7.3416947
7.3417002
7.3416939
7.3416968
7.341693
7.341694
7.3417035
7.3416962
7.3417032
7.3416922
7.3416936
7.3416937
7.3417028
7.3416982
7.3416929
7.3417018
7.3416939
7.3416922
7.3416974
7.3416934
7.3416971
7.3416922
7.3416936
7.3416937
7.3416984
7.3416956
7.3416975
7.3416934
7.3416951
7.3416922
7.3416939
7.3416943
7.3416952
7.3416948
7.3416964
7.3416921
7.341694
7.3416941
7.3417056
7.3416954
7.3416998
7.341694
7.341693
7.3416923
7.3416928
7.3416931
7.3416934
7.3417014
7.3416915
7.3416947
7.3416999
7.3417121
7.3417053
7.3417007
7.3417039
7.3416968
7.3416936
7.3416923
7.3416922
7.3416969
7.3416921
7.3416969
7.3417044
7.3416957
7.3417031
7.3416975
7.3416925
7.3416959
7.3416924
7.3416949
7.3416965
7.341697
7.3416893
7.3416922
7.341699
7.3416982
7.3416925
7.3416941
7.3416939
7.3416922
7.341698
7.3417009
7.3416976
7.3416993
7.3416947
7.3416977
7.3416942
7.3416925
7.3416928
7.3416982
7.3416947
7.3416917
7.3416921
7.3416973
7.3416975
7.3417039
7.3416918
7.3416975
7.3416939
7.3417004
7.3416917
7.3417041
7.3416966
7.3416947
7.3417059
7.3417005
7.3416953
7.3417025
7.3416959
7.3416956
7.3416952
7.3416957
7.3416965
7.3416992
7.3416931
7.3417027
7.3417004
7.3416923
7.3416984
7.3416929
7.3417009
7.3416957
7.3416956
7.3416971
7.3416949
7.3416936
7.3416949
7.3416958
7.3416955
7.3416928
7.3416922
7.3417028
7.341694
7.3416957
7.3416959
7.3417037
7.3416918
7.3416984
7.3416922
7.3416992
7.3416911
7.3416961
7.3417019
7.3417025
7.3416996
7.3416949
7.3416997
7.3416922
7.3416936
7.3416989
7.3416927
7.3416944
7.3416935
7.3416939
7.3416926
7.3416946
7.3416981
7.3416951
7.341694
7.3416912
7.3416941
7.3416925
7.3417067
7.3416937
7.3416967
7.341694
7.3416966
7.3416964
7.341693
7.341697
7.3416955
7.3416902
7.3416953
7.3416922
7.3416949
7.3416984
7.3416924
7.3417089
7.3416975
7.3416942
7.3416953
7.3416923
7.3416922
7.3416965
7.3416954
7.3416919
7.341697
7.3416939
7.3416956
7.3416972
7.3416954
7.3416935
7.3416924
7.3416933
7.3416939
7.3416923
7.3416937
7.3416964
7.3416976
7.3416942
7.341698
7.3416922
7.3416952
7.3416936
7.3416927
7.3417009
7.3416923
7.3417
7.3417012
7.3416986
7.3416936
7.3417103
7.3416951
7.3416924
7.3416987
7.341693
7.3416953
7.3416944
7.3416947
7.3416988
7.3416936
7.3416964
7.3417006
7.3416952
7.3416979
7.3416944
7.3416922
7.3416922
7.3417071
7.3416922
7.3416947
7.3416978
7.3416916
7.3416922
7.3416922
7.3416946
7.3417024
7.3416926
7.3416945
7.3416962
7.3416954
7.3416923
7.3416933
7.3416923
7.3416936
7.3416923
7.3416997
7.3416975
7.3416948
7.3416992
7.3417014
7.3416971
7.3416952
7.3416949
7.3417028
7.3416934
7.3416927
7.3416995
7.3416922
7.3416929
7.3416932
7.3416985
7.3416991
7.3416989
7.3416971
7.3416959
7.3416948
7.3416979
7.3416927
7.3416937
7.3416938
7.3416938
7.341696
7.3416952
7.3416937
7.3416977
7.3416942
7.341695
7.341696
7.3417007
7.3416916
7.3416991
7.3416942
7.3416999
7.3416951
7.3417002
7.3416921
7.3416922
7.3416954
7.3416952
7.3416974
7.3417009
7.341699
7.3417029
7.3416992
7.3416922
7.3416924
7.3416929
7.341701
7.3416941
7.3417014
7.3416938
7.3416937
7.3416997
7.3416947
7.3416979
7.3416976
7.3417003
7.3416999
7.3416934
7.3416981
7.3416933
7.3416927
7.3416933
7.3416997
7.3417021
7.3416931
7.3416935
7.3416981
7.3416989
7.341694
7.3416964
7.341695
7.3416985
7.3417019
7.3417063
7.3416939
7.341705
7.3417026
7.3416999
7.3416948
7.3416929
7.3416923
7.3416968
7.3416935
7.3416936
7.3416966
7.3416962
7.3416991
7.3417006
7.3416981
7.3416954
7.3416933
7.3416937
7.3416965
7.3416959
7.3416969
7.3416936
7.3416926
7.3416975
7.341699
7.3416946
7.3416969
7.3417065
7.3416951
7.341697
7.3416975
7.3416929
7.3416955
7.3416921
7.3416944
7.3416955
7.3416997
7.3416941
7.3416942
7.3417001
7.3416937
7.3416969
7.3416986
7.3416935
7.3416966
7.3416927
7.3416924
7.3416942
7.3417015
7.3416949
7.3416986
7.3416985
7.3416968
7.3416953
7.3416934
7.341696
7.3417034
7.3417017
7.3416914
7.3416919
7.3416965
7.3416914
7.3417005
7.3417016
7.3416948
7.3416954
7.3416921
7.341698
7.3416938
7.3416937
7.3416921
7.341693
7.3416984
7.3416954
7.3416957
7.3416922
7.3417006
7.3416983
7.3416945
7.3416925
7.3416947
7.3417011
7.3416946
7.3416954
7.3416987
7.3416947
7.3416924
7.3416921
7.3417
7.3416998
7.3416947
7.3416982
7.341692
7.3416959
7.3417022
7.3416936
7.3417
7.3416921
7.3416955
7.3416909
7.3416943
7.341698
7.3416969
7.3416923
7.341695
7.3416944
7.3416966
7.3416983
7.3416947
7.3416921
7.3416924
7.3417016
7.3416956
7.3416934
7.3416984
7.3416967
7.3416953
7.3416931
7.3416936
7.3416921
7.3416977
7.3416922
7.3416921
7.3416931
7.3417045
7.3416965
7.3416941
7.3416967
7.3416928
7.3416942
7.3417098
7.3416922
7.3416925
7.3417023
7.3416931
7.3416993
7.3416962
7.3416945
7.3416948
7.3416953
7.3416943
7.3416954
7.3416975
7.3416963
7.3416982
7.341699
7.3416936
7.3416976
7.341691
7.3416964
7.3416986
7.3416992
7.3416966
7.3416951
7.3416955
7.3416928
7.341695
7.3416937
7.3416936
7.3416941
7.3416924
7.3416922
7.3416921
7.3416949
7.3416936
7.3416921
7.341694
7.3416976
7.3417004
7.3416921
7.3416934
7.3416933
7.341691
7.3416943
7.3416985
7.3416921
7.3416921
7.3416997
7.3416963
7.3416894
7.3417016
7.341694
7.3416993
7.3416928
7.3416986
7.3416973
7.3416921
7.3416968
7.3416945
7.3416952
7.341694
7.3416959
7.3416943
7.3416948
7.3416947
7.3416937
7.3416955
7.3416993
7.3416934
7.3416984
7.3416941
7.3416958
7.3416956
7.3416961
7.3416979
7.3417044
7.3416965
7.341699
7.3416908
7.3416996
7.3416955
7.3416936
7.3416955
7.3416936
7.3416922
7.3416938
7.3416969
7.3416927
7.3417155
7.3416926
7.3416965
7.3416948
7.3416943
7.3416916
7.3416991
7.3416986
7.3416934
7.3416939
7.3416921
7.3416932
7.3417026
7.3416916
7.3416928
7.3416943
7.341698
7.341701
7.3417008
7.3416924
7.3416991
7.3416944
7.3416924
7.341693
7.3416945
7.3416939
7.3417073
7.3417012
7.3417076
7.3416931
7.3416929
7.3416921
7.3416956
7.3416916
7.3416956
7.3417011
7.3416989
7.3416958
7.3417031
7.3416947
7.341697
7.3416925
7.3416984
7.3416995
7.3416932
7.3416946
7.3417004
7.341702
7.3416968
7.3416932
7.3417013
7.3416934
7.3417013
7.3416952
7.3416932
7.3416976
7.3417067
7.3416991
7.3416944
7.3417086
7.341695
7.3416954
7.3416931
7.3416922
7.3416954
7.3417018
7.3416946
7.3416977
7.3416963
7.3416967
7.341695
7.3416944
7.3416922
7.3417011
7.3416957
7.3416948
7.3416979
7.3416996
7.3416948
7.3417003
7.3416938
7.341695
7.3416939
7.3416922
7.3416946
7.3416943
7.3417054
7.3416969
7.3416959
7.3416964
7.3417038
7.3416945
7.3416942
7.3417054
7.3416961
7.3416917
7.3417051
7.3416931
7.3416984
7.3416934
7.3416987
7.3416947
7.3416901
7.3417017
7.3416998
7.3416973
7.3416933
7.3416939
7.3416941
7.3416973
7.3416946
7.3416963
7.3417027
7.3416999
7.3416989
7.3416934
7.3417023
7.3416956
7.3416929
7.3417014
7.3416947
7.3416928
7.3416982
7.341695
7.3417
7.3416954
7.3416971
7.3416962
7.3416926
7.3416953
7.3417021
7.3416967
7.3416996
7.3416927
7.3416918
7.3416939
7.3416986
7.341697
7.3416937
7.3417013
7.3416986
7.3416934
7.3417032
7.3416954
7.3416947
7.3417025
7.3416961
7.3416955
7.3416964
7.3416943
7.3416936
7.3416942
7.341702
7.3416982
7.3416967
7.3417004
7.3416938
7.3416964
7.3417052
7.3417032
7.3417014
7.3416944
7.341699
7.3416962
7.3416934
7.3416936
7.3416955
7.3416943
7.3416988
7.3416962
7.3417002
7.3416939
7.3416923
7.3416928
7.3416967
7.3417072
7.3416921
7.3416921
7.3416977
7.3416937
7.3416978
7.3416952
7.341694
7.3416956
7.3416958
7.3416966
7.3416937
7.3417031
7.3416933
7.341693
7.341698
7.3416977
7.3417005
7.3417014
7.3417003
7.3416947
7.3416954
7.3416922
7.3416948
7.3416931
7.3416924
7.3416935
7.3417072
7.3416959
7.3417032
7.3416958
7.3416951
7.3416934
7.3417036
7.3416939
7.3416995
7.3416951
7.3417043
7.3416955
7.3416929
7.3417002
7.3416937
7.341698
7.3416929
7.3416952
7.3416972
7.3416939
7.3416971
7.341706
7.3416931
7.3416942
7.3416971
7.3417048
7.3416942
7.3416916
7.3416987
7.3416925
7.3416935
7.3416934
7.3416972
7.3416924
7.3416997
7.3416922
7.3416964
7.341698
7.3416952
7.3416918
7.3417001
7.341696
7.3416928
7.3416955
7.3416957
7.3416972
7.3417025
7.341702
7.3416961
7.3416971
7.3416983
7.3417027
7.3416918
7.3417009
7.3416959
7.3416968
7.3416966
7.3416979
7.341701
7.3416952
7.3416982
7.341702
7.3417028
7.3417003
7.3417
7.3416985
7.3416971
7.3416986
7.3416934
7.3417033
7.3416995
7.3416936
7.3417046
7.3416951
7.3416936
7.3416928
7.3416939
7.3416923
7.3416946
7.341698
7.3416921
7.3416911
7.3416991
7.3416925
7.3416958
7.3416925
7.3416944
7.3417013
7.3416981
7.3416988
7.3416935
7.3416957
7.3417037
7.3416967
7.3417047
7.341694
7.3416975
7.3416924
7.3417074
7.3417106
7.3416965
7.3416938
7.3417017
7.3416983
7.3416992
7.3416956
7.341693
7.3416949
7.3416951
7.3417028
7.3416933
7.3416934
7.3416924
7.3416961
7.3416943
7.3416951
7.3416964
7.3417072
7.341698
7.3417023
7.3416926
7.3416949
7.3416923
7.3416955
7.3416944
7.3416947
7.3417007
7.3416993
7.3416954
7.3416956
7.3416987
7.3416921
7.3416931
7.3416922
7.3416959
7.3417128
7.3416977
7.3417067
7.341693
7.3416984
7.3416923
7.3416943
7.3417016
7.3416963
7.3416979
7.3416941
7.3416994
7.3416979
7.3416982
7.3416925
7.3416952
7.3416977
7.3416914
7.3417029
7.3416949
7.3416991
7.341694
7.3416944
7.3416923
7.3416954
7.3416968
7.3416941
7.341691
7.3416923
7.3417161
7.3416921
7.3416946
7.3416915
7.3416937
7.3416926
7.3416973
7.3416973
7.3416933
7.3416943
7.3416959
7.3416957
7.3416938
7.3416944
7.3416938
7.3417011
7.3416956
7.3416929
7.3416996
7.3417028
7.3416977
7.3416956
7.3416926
7.3416949
7.3417
7.3417001
7.3416957
7.3416955
7.3416968
7.3416996
7.3416969
7.3416944
7.3416913
7.3417038
7.3416929
7.3417022
7.3416928
7.3416935
7.341695
7.3417046
7.3417004
7.3416928
7.3417132
7.3416968
7.3417096
7.3416954
7.3416985
7.3416966
7.3416967
7.3417099
7.3416988
7.341696
7.3416924
7.341699
7.3416921
7.3416966
7.3416933
7.3416992
7.341694
7.3416927
7.341698
7.3416958
7.3416986
7.3416937
7.3416938
7.3416952
7.3416934
7.3416937
7.3417032
7.3417025
7.3416918
7.3416911
7.3416956
7.3417037
7.3416989
7.3416997
7.3416966
7.3416942
7.3416942
7.3416915
7.3417005
7.3416957
7.341699
7.3416932
7.3417033
7.3416954
7.3416947
7.3416935
7.341693
7.3416999
7.3416925
7.3416969
7.3416928
7.3416908
7.3416982
7.3416996
7.3417
7.341696
7.3416928
7.341692
7.3416915
7.3416923
7.3417011
7.3416966
7.3416924
7.3416953
7.3416954
7.3416929
7.3416929
7.3416925
7.3416883
7.341692
7.3416994
7.3416928
7.3416943
7.3416936
7.3416947
7.3417007
7.3417
7.3417003
7.3416948
7.3416953
7.3416979
7.3416959
7.3416982
7.341697
7.3416934
7.3416922
7.3416913
7.3416978
7.3416912
7.341692
7.3416973
7.3417041
7.3416959
7.3416987
7.3417015
7.3416912
7.3416912
7.3416913
7.3416922
7.3416969
7.3416972
7.3416989
7.3416937
7.3416917
7.341695
7.3416912
7.3416977
7.3416959
7.3416988
7.3416969
7.3416984
7.3416985
7.3416954
7.3416939
7.3416973
7.3416918
7.3416983
7.3416953
7.3416984
7.3416989
7.3417017
7.3416961
7.3416956
7.3416924
7.3416991
7.3417027
7.3416913
7.3416914
7.3416984
7.3416984
7.341695
7.3416958
7.3416894
7.3416985
7.3417008
7.3416938
7.3416947
7.3416921
7.341692
7.341692
7.3416931
7.3416945
7.3417024
7.3417026
7.3416917
7.3417012
7.341692
7.3416949
7.3416921
7.3416917
7.3416961
7.3416912
7.3416951
7.3417064
7.3416985
7.3416972
7.3416926
7.3417032
7.3417072
7.3416965
7.3416933
7.3416969
7.3416919
7.3417001
7.3416941
7.341699
7.3416954
7.341692
7.3416934
7.3416972
7.3417065
7.3416947
7.3416957
7.3417015
7.3417
7.3416991
7.3416954
7.3416906
7.3416968
7.3416909
7.3416974
7.3416966
7.3416936
7.3416925
7.3416934
7.3417027
7.3416944
7.3416918
7.3416988
7.341692
7.3416933
7.3416937
7.3417061
7.3416977
7.3416912
7.3416924
7.3416918
7.3417003
7.3417009
7.3416947
7.3416969
7.341695
7.3416937
7.3416917
7.3416954
7.3416957
7.3416945
7.3416948
7.341692
7.3417054
7.3416912
7.3416964
7.3416933
7.3417012
7.3416927
7.3416926
7.3416945
7.3416922
7.3416929
7.3417027
7.3416972
7.3416918
7.3416937
7.3416992
7.3416926
7.3416996
7.3417028
7.3417012
7.3416948
7.3416924
7.3416937
7.3416933
7.3416978
7.3416951
7.3416939
7.3416922
7.3416978
7.3416954
7.3417017
7.341695
7.3416987
7.3416926
7.3416991
7.3416969
7.3416956
7.3416943
7.341691
7.3416942
7.341704
7.3416968
7.3416967
7.341692
7.3417055
7.3416923
7.3416942
7.3417015
7.3417001
7.3416938
7.3416936
7.3416966
7.3416956
7.3416994
7.3416942
7.3416927
7.3416948
7.3416911
7.3416954
7.3416961
7.341695
7.3416921
7.3416967
7.3416984
7.3416993
7.3416935
7.3416953
7.3416917
7.3416993
7.3416977
7.3416935
7.3416956
7.3416951
7.3416919
7.3416986
7.3417043
7.3416971
7.3416923
7.3416927
7.341699
7.3417068
7.3416966
7.3416998
7.3416965
7.3416972
7.3417005
7.3416908
7.3416968
7.3416933
7.3416968
7.3416926
7.3416954
7.3416965
7.3416933
7.3416966
7.3416922
7.3416951
7.341695
7.3416945
7.3416948
7.3416909
7.3416943
7.3416943
7.3417046
7.3416971
7.3416922
7.3416922
7.3416924
7.34171
7.3416918
7.3416948
7.3417108
7.341691
7.3416959
7.3416947
7.3416964
7.3416963
7.3416995
7.3416947
7.3417047
7.3416947
7.3416924
7.3416921
7.3417018
7.3416952
7.3416929
7.341695
7.3416954
7.3417029
7.3416938
7.3416955
7.341707
7.3416922
7.3417016
7.3417005
7.3416951
7.3416923
7.3416927
7.3416926
7.3416932
7.3416952
7.3416955
7.3417001
7.3416967
7.3416963
7.341695
7.3416939
7.3416926
7.3416911
7.3416934
7.3417009
7.3416958
7.3416979
7.3416935
7.3416925
7.3416975
7.3416927
7.3416942
7.341701
7.3416922
7.3416971
7.3416959
7.3416965
7.3417025
7.3416918
7.3416952
7.341691
7.3416915
7.3416965
7.3416918
7.3416921
7.3416954
7.3416934
7.341701
7.3416941
7.3416977
7.3416926
7.3416952
7.3416926
7.3416949
7.3416944
7.3417005
7.3416984
7.3416925
7.3416998
7.341693
7.3416956
7.3416922
7.3416943
7.3416929
7.3416977
7.341695
7.3416922
7.3416932
7.3416961
7.3416935
7.3416971
7.3416919
7.3416969
7.3416976
7.341706
7.3416938
7.3417014
7.3416954
7.3416986
7.3416951
7.3416911
7.3416908
7.3416956
7.3416921
7.3416923
7.341693
7.3416918
7.3416936
7.3416981
7.3417042
7.3416982
7.3416921
7.3417
7.3416927
7.3416982
7.3416935
7.3416931
7.3416937
7.3416974
7.3416953
7.3416946
7.341694
7.3417007
7.3416933
7.3417
7.3417022
7.3416929
7.3416922
7.3416992
7.341692
7.3416972
7.3416983
7.3416982
7.3416957
7.3416971
7.3417007
7.3416957
7.3416986
7.3416952
7.341694
7.3416923
7.341696
7.3416935
7.3416931
7.3416958
7.3416952
7.3416925
7.3416986
7.3416965
7.3416978
7.3417024
7.3416944
7.3416929
7.3416999
7.3416982
7.3416953
7.3416931
7.3416972
7.3416928
7.3416981
7.341695
7.3416936
7.3416999
7.3416972
7.3416955
7.3416942
7.3416994
7.3417005
7.3416968
7.3416956
7.341709
7.3417011
7.3416976
7.3417013
7.3417008
7.3416921
7.341692
7.3416949
7.3416968
7.3416923
7.3416939
7.3416944
7.3416945
7.3417009
7.341703
7.3416981
7.3416936
7.3416996
7.3416976
7.3416975
7.3416922
7.3416958
7.341691
7.3416969
7.3416992
7.3416928
7.3416982
7.341697
7.341692
7.3416975
7.3416965
7.3416921
7.3416943
7.3416932
7.341692
7.3416939
7.3416938
7.3416951
7.3416969
7.3417003
7.3416957
7.3417005
7.3416959
7.3416931
7.3416924
7.3416984
7.3416948
7.3416945
7.3416994
7.3416932
7.3416995
7.3416992
7.3417062
7.3416938
7.3416964
7.3416934
7.3416927
7.3416944
7.3416954
7.3416929
7.341692
7.3416927
7.3416983
7.341694
7.3416945
7.3416962
7.3416983
7.341694
7.3416924
7.341692
7.3416998
7.341692
7.3416958
7.3417043
7.341701
7.341694
7.3416951
7.3416931
7.3417014
7.3416946
7.3416938
7.3416983
7.3416968
7.3416949
7.3416942
7.3416957
7.3416931
7.3416952
7.341697
7.341705
7.3416956
7.3416952
7.3416931
7.3416985
7.3416985
7.3416948
7.3416935
7.3416942
7.3416951
7.3416964
7.3416921
7.3416923
7.341692
7.3416963
7.3416947
7.3416988
7.3416966
7.3416996
7.3416954
7.341696
7.3416923
7.3416947
7.3416972
7.341692
7.3416981
7.3416937
7.3416959
7.3416972
7.3417006
7.3416929
7.3416924
7.3416973
7.3416935
7.3417
7.3416951
7.3417
7.341694
7.3416953
7.3416932
7.3416937
7.3417062
7.341699
7.3416978
7.3416951
7.3417012
7.3416949
7.3416956
7.3416935
7.3417075
7.3416945
7.3416963
7.3416992
7.3416989
7.3416915
7.3417033
7.341701
7.341696
7.3416973
7.341696
7.341694
7.3416963
7.3416914
7.3416925
7.3416959
7.3416949
7.3416958
7.3416942
7.341695
7.3416935
7.3416972
7.3416921
7.3416919
7.3416907
7.3416945
7.3416937
7.3416925
7.3417025
7.341699
7.3416954
7.3416963
7.3416932
7.3416959
7.3416966
7.3417029
7.3416941
7.3416971
7.3417034
7.3416928
7.3416923
7.341694
7.3416937
7.3416968
7.3416942
7.3416996
7.3416937
7.3416949
7.3416995
7.3416938
7.3416956
7.3416983
7.341694
7.3416954
7.3416955
7.3417012
7.3416945
7.341693
7.3416956
7.3416958
7.3416937
7.3416962
7.3417129
7.3417034
7.3417
7.3416919
7.3416983
7.3416962
7.3417006
7.3416927
7.3416929
7.3416957
7.3416919
7.3416982
7.3417041
7.3417016
7.3416913
7.3416928
7.3416927
7.3417004
7.3416952
7.3416929
7.3416956
7.3416926
7.3416977
7.3416965
7.3416981
7.3416994
7.3416954
7.3416912
7.3416948
7.3416944
7.3416958
7.3416936
7.3416954
7.3417023
7.3416996
7.3416961
7.3416923
7.3416885
7.3416932
7.3416956
7.3417003
7.3417084
7.3416951
7.3417018
7.3416921
7.3416919
7.3417015
7.3416981
7.3416946
7.3417001
7.341696
7.3416986
7.3416912
7.3416968
7.3416957
7.3416944
7.3416976
7.3416975
7.3416962
7.3416929
7.3417034
7.3416989
7.3416986
7.3416952
7.3416993
7.3416919
7.3416938
7.3416958
7.3416976
7.341693
7.3416928
7.3416963
7.3416961
7.3416948
7.3416975
7.3416919
7.3417014
7.3416969
7.3416959
7.341694
7.3416996
7.3416951
7.341698
7.3416969
7.3416931
7.3416963
7.3416969
7.3416991
7.3416978
7.3417005
7.3417009
7.3416949
7.341695
7.3416921
7.3417024
7.3416977
7.3416996
7.3417009
7.3416932
7.3417034
7.3416959
7.3416985
7.3416948
7.3416971
7.3416944
7.341698
7.3416987
7.3416921
7.3416996
7.341694
7.3416989
7.3416932
7.3416938
7.3416934
7.3416944
7.3416992
7.341697
7.3417053
7.3416927
7.3416969
7.3417007
7.3416947
7.3416952
7.3416959
7.3416942
7.3416948
7.3416977
7.3416993
7.3416946
7.341692
7.3416919
7.3416947
7.3417001
7.3416952
7.3416954
7.3416968
7.3416991
7.3416981
7.3417017
7.3416983
7.3417005
7.3416961
7.3416951
7.3416927
7.3416972
7.3417008
7.3416949
7.3417012
7.3416908
7.3416981
7.3416955
7.3416927
7.341691
7.3416979
7.341701
7.3416998
7.3416925
7.3416944
7.3416952
7.3416977
7.3416943
7.3416977
7.3417001
7.3416936
7.3416954
7.3416947
7.3417021
7.3416931
7.3416941
7.3416949
7.3416921
7.3417001
7.3417012
7.3416994
7.341691
7.3417061
7.3416965
7.3416943
7.3416941
7.3416945
7.3417016
7.341707
7.3416996
7.3416954
7.3416949
7.3417005
7.3416965
7.3416909
7.3417024
7.3417016
7.3416922
7.3416974
7.3416933
7.3416942
7.341695
7.3417018
7.3416939
7.3416935
7.3416935
7.3416929
7.3416972
7.3416932
7.3416938
7.3416927
7.341695
7.3416919
7.3416923
7.3416935
7.3416958
7.3416932
7.3416937
7.3416976
7.3416938
7.3416954
7.3416979
7.3416946
7.3417051
7.3416968
7.3416978
7.3416957
7.341692
7.341693
7.3416979
7.3416948
7.3417054
7.3416979
7.3416946
7.3416957
7.3416989
7.3416935
7.3416955
7.3416937
7.3416923
7.3416908
7.3417157
7.3416959
7.3416967
7.3416954
7.341701
7.3416929
7.3416939
7.3417021
7.3416961
7.3416928
7.3417002
7.3416932
7.3416947
7.341693
7.3416905
7.3416978
7.3416949
7.3416954
7.3416958
7.3416958
7.3416943
7.3416934
7.3416927
7.3416934
7.3416951
7.3416926
7.3416951
7.3416942
7.3416951
7.3416937
7.3416925
7.3416943
7.341695
7.3416952
7.3416945
7.3416968
7.3416981
7.3416974
7.341697
7.3416939
7.3417008
7.3416973
7.341695
7.3416967
7.3416958
7.3416962
7.341692
7.3417015
7.3417024
7.3417016
7.3417012
7.3416981
7.3416958
7.3416952
7.3417018
7.3416966
7.3417085
7.341691
7.3416969
7.3416924
7.3417009
7.3416961
7.3416942
7.3416987
7.3416925
7.3416965
7.3416941
7.3416929
7.3416928
7.3416914
7.341704
7.3416957
7.3416947
7.3416987
7.3416964
7.3416918
7.3416953
7.3416984
7.341696
7.3416986
7.3416909
7.3416955
7.3416973
7.3417051
7.341694
7.3416938
7.3416979
7.3416953
7.3416981
7.341706
7.3416929
7.3416943
7.3416923
7.3416931
7.341704
7.3416955
7.3416944
7.341697
7.3417014
7.3416928
7.3416911
7.3416912
7.3417079
7.3417016
7.3416947
7.3416932
7.3416933
7.3416962
7.3416982
7.3416939
7.3416967
7.3416946
7.3416993
7.3416941
7.3416929
7.3417006
7.3416935
7.3416999
7.3416927
7.341708
7.3416944
7.3416955
7.3416935
7.3417008
7.3416991
7.3416928
7.3416936
7.3416955
7.3416958
7.3416912
7.3416988
7.3416921
7.3416996
7.3416944
7.3416942
7.3416933
7.341692
7.3416973
7.3416905
7.3416933
7.3416928
7.3416934
7.3416933
7.3416967
7.3416942
7.3416931
7.341696
7.3417105
7.3416933
7.3417011
7.3417014
7.3416967
7.3417053
7.3416938
7.3417011
7.341692
7.3416977
7.3416931
7.3416925
7.3416972
7.3416921
7.341708
7.3416973
7.3416949
7.3416921
7.3417003
7.3417016
7.3416941
7.3416984
7.3417031
7.3416975
7.3417002
7.3416941
7.3416973
7.3416917
7.3416944
7.3416936
7.3416918
7.341694
7.3416979
7.3416961
7.3416978
7.3416939
7.3416955
7.3417056
7.3417009
7.3416969
7.3416942
7.3416977
7.3416941
7.3416935
7.3416959
7.341692
7.3416977
7.3416965
7.3416946
7.3416969
7.3416954
7.3416991
7.3416931
7.3416932
7.3416962
7.3416963
7.3417028
7.3416955
7.3417024
7.3417022
7.3417018
7.3416926
7.3416938
7.3416958
7.3416953
7.3417014
7.3416993
7.3416942
7.3416963
7.3416919
7.3417017
7.3416941
7.3416957
7.3416948
7.3416998
7.3416946
7.3416932
7.3416956
7.3417007
7.3416943
7.3416983
7.3416973
7.3416931
7.3416971
7.3416944
7.3416922
7.3416968
7.341692
7.3416965
7.3417029
7.3417054
7.3416988
7.3416957
7.3416945
7.3416952
7.3416933
7.3416935
7.3416973
7.3416964
7.3416954
7.3417006
7.3416982
7.3416928
7.3417082
7.3416974
7.3417016
7.3417107
7.3416942
7.3416918
7.3416927
7.3416987
7.3416955
7.3416927
7.3416949
7.3416967
7.3416958
7.3417009
7.3416975
7.3416929
7.3416938
7.3416972
7.3416962
7.3416965
7.3417006
7.3416951
7.341692
7.3416993
7.3416973
7.3417017
7.3416936
7.3417024
7.3417023
7.3417011
7.3416919
7.3416939
7.3416998
7.3416964
7.3416943
7.3416902
7.3416969
7.3416922
7.3416947
7.3417014
7.3416942
7.3417054
7.3416977
7.3416929
7.341697
7.3416946
7.3416908
7.3416931
7.3416983
7.3416979
7.3416971
7.3417008
7.3416973
7.3417005
7.3416936
7.341711
7.3416929
7.3417011
7.3416946
7.3416946
7.3416922
7.3416921
7.3416943
7.3416932
7.3416963
7.3416926
7.3417007
7.3416941
7.3416928
7.3416909
7.3416959
7.3416968
7.3416921
7.3416919
7.3416959
7.3416926
7.3416913
7.3417054
7.3416982
7.3416944
7.3416985
7.3416986
7.3416919
7.3416976
7.3416897
7.3416956
7.3417043
7.3416957
7.3416998
7.3416999
7.3416913
7.3416958
7.3417021
7.3416986
7.3416925
7.3416968
7.341692
7.3416961
7.3416918
7.3416925
7.3417024
7.3416923
7.3416919
7.3416925
7.3416947
7.3416972
7.3416918
7.3416959
7.3416936
7.3416964
7.3416921
7.3416991
7.3416945
7.341696
7.3417014
7.3416951
7.3416983
7.341697
7.3417003
7.3416911
7.3417011
7.3416951
7.3417006
7.3416935
7.3416997
7.341691
7.3416981
7.3416966
7.3417037
7.3416966
7.3416916
7.3416976
7.3416922
7.341699
7.3416942
7.3416933
7.3416941
7.3416942
7.3416915
7.3417035
7.3416978
7.3417033
7.3416954
7.3416952
7.3416975
7.3416989
7.3416997
7.341697
7.341696
7.3416945
7.3416987
7.3416963
7.3416937
7.3416938
7.3416941
7.3416926
7.3417051
7.3416942
7.3416961
7.3416924
7.3416937
7.3417081
7.341692
7.341692
7.3417029
7.3416939
7.3416937
7.3416986
7.3416977
7.3416969
7.3416922
7.3416944
7.341692
7.3416941
7.3416978
7.3416988
7.3416998
7.3416973
7.3416941
7.3416989
7.3416919
7.3416967
7.3417011
7.3417129
7.3416935
7.3416978
7.3416981
7.3416943
7.3416924
7.3416956
7.3416949
7.3416987
7.3416936
7.3416974
7.3416951
7.3416919
7.3416932
7.3417024
7.3416957
7.341692
7.3416922
7.3416982
7.3416918
7.3417004
7.3417052
7.3416959
7.3416993
7.3416931
7.3416949
7.3416985
7.3416919
7.3416918
7.3416956
7.3416941
7.3417003
7.3416953
7.3416931
7.3416919
7.3416935
7.3416986
7.3416934
7.3416952
7.3417155
7.341695
7.341701
7.3416916
7.3416916
7.3416939
7.3416982
7.3417012
7.3416979
7.3416951
7.3416938
7.3417009
7.341692
7.3416934
7.3416991
7.3416956
7.3416998
7.3416949
7.3417031
7.3416938
7.3416926
7.3416946
7.3416929
7.3416953
7.3416944
7.3417059
7.3416959
7.3416921
7.3416973
7.341692
7.3417005
7.3416947
7.3416934
7.3416953
7.3416918
7.3417076
7.3416959
7.3416942
7.3416963
7.3416953
7.3416918
7.341696
7.3416947
7.3416988
7.3417042
7.3416954
7.3416971
7.3416967
7.3416937
7.3416924
7.3416942
7.3416934
7.3416974
7.3416951
7.341693
7.3416946
7.3416999
7.3416963
7.3416926
7.3416919
7.3416925
7.3417016
7.3416943
7.3416921
7.3416953
7.3416974
7.341692
7.3416956
7.3417063
7.3416938
7.341698
7.3416973
7.341699
7.3417047
7.3416951
7.3417024
7.3416954
7.3416918
7.3416933
7.3416934
7.341696
7.3416964
7.3416933
7.3416933
7.3417035
7.3416918
7.3416919
7.3416929
7.3417007
7.3416917
7.3416944
7.3416989
7.3416959
7.3416943
7.341698
7.3417039
7.3416983
7.3416983
7.341703
7.3416909
7.3416956
7.3416943
7.3417014
7.3416932
7.3416973
7.3416989
7.3416999
7.3416936
7.3416933
7.3416999
7.3417008
7.3416956
7.3416985
7.3416915
7.3417046
7.3417011
7.3416926
7.3417033
7.3417007
7.3416993
7.3416941
7.341693
7.3416936
7.3416965
7.3416948
7.341694
7.3417022
7.3416996
7.341692
7.341702
7.3416979
7.3416918
7.3417037
7.3416965
7.3417069
7.3416996
7.3417004
7.3416975
7.3416921
7.3416979
7.3416961
7.3417032
7.3416922
7.3417021
7.3416956
7.3417051
7.3416942
7.3416958
7.3416946
7.3416962
7.3416966
7.3417013
7.3416954
7.3416934
7.3416985
7.3416984
7.3416939
7.3416948
7.3417017
7.3416952
7.3416956
7.341698
7.3417028
7.3417001
7.3417018
7.3416941
7.3417033
7.3416992
7.3416924
7.3417035
7.3416952
7.3416938
7.3416941
7.3416947
7.3416946
7.3416946
7.3416973
7.3416971
7.3416974
7.3416954
7.3417033
7.3416923
7.3416969
7.3416985
7.3416929
7.3417
7.3416994
7.3416947
7.3416936
7.3416926
7.3417006
7.3416934
7.3416968
7.3417028
7.3417013
7.3416973
7.3416961
7.3416944
7.3416977
7.341697
7.3416992
7.3416922
7.3416978
7.3416964
7.341701
7.3416984
7.3416927
7.3416954
7.3416966
7.3416969
7.3416923
7.3416942
7.3416978
7.3416929
7.3416962
7.3416924
7.3417018
7.341705
7.3416931
7.341699
7.3417019
7.3416921
7.3416932
7.341692
7.3416939
7.3416947
7.3416923
7.3416917
7.3417055
7.3416964
7.3416964
7.341698
7.3416965
7.3416937
7.3417019
7.3416919
7.3416979
7.3416933
7.3416975
7.3416978
7.3416994
7.3416971
7.3417
7.3416919
7.3416933
7.3417036
7.3416936
7.3416944
7.341697
7.341696
7.3416998
7.3416985
7.3416962
7.3416928
7.3417085
7.3416969
7.3416969
7.3416912
7.3416934
7.3417042
7.3416919
7.3416981
7.3416938
7.3416972
7.3416961
7.3416942
7.3416959
7.3417036
7.3416957
7.3416942
7.3416955
7.3416908
7.3416953
7.341699
7.341692
7.3416921
7.341694
7.3416941
7.3417074
7.3416937
7.3416972
7.3416997
7.3416962
7.3416982
7.3416987
7.341694
7.3416975
7.3416918
7.3416918
7.3416957
7.3416912
7.3417017
7.3416931
7.3416923
7.3416919
7.3416969
7.3416932
7.3416951
7.3416923
7.3416957
7.3416928
7.3416927
7.3416926
7.3416916
7.3417008
7.341693
7.3416947
7.3416953
7.3417023
7.3416951
7.3417019
7.3416948
7.3416985
7.3416959
7.3416946
7.3416938
7.3416949
7.3417004
7.341703
7.3416997
7.3416947
7.3416945
7.3417034
7.3416999
7.3416986
7.3417043
7.3416918
7.3417033
7.3416954
7.3416928
7.3416936
7.3416996
7.3417006
7.3417019
7.3416918
7.341697
7.3416957
7.3416947
7.341696
7.3416913
7.3416958
7.3416978
7.3416996
7.3416962
7.3416961
7.3416927
7.3416982
7.3416992
7.3417038
7.3416958
7.3417039
7.3417074
7.3416974
7.3416977
7.3416984
7.3416953
7.3416936
7.3416985
7.3416982
7.3416969
7.3417009
7.3416966
7.3416978
7.3416962
7.3416987
7.3416916
7.3416909
7.3416943
7.3416986
7.341692
7.3416946
7.3417009
7.3416918
7.3416991
7.3416994
7.3416974
7.3416927
7.341695
7.3416932
7.3417014
7.3416924
7.3416973
7.3416958
7.3416933
7.3416968
7.3416946
7.3416985
7.3416993
7.3416938
7.3416952
7.3416987
7.3416938
7.3416936
7.3416976
7.3417002
7.341702
7.341699
7.3417023
7.3416918
7.3416987
7.3416919
7.3417022
7.3416985
7.3416963
7.3417053
7.3416931
7.3417005
7.3416919
7.3416909
7.3416946
7.3416931
7.3416964
7.3417008
7.3416978
7.3416965
7.3416962
7.3416998
7.3416957
7.3416957
7.3417088
7.3417042
7.3416933
7.3416914
7.3416932
7.3416942
7.3416944
7.3416941
7.3416962
7.3416988
7.3417024
7.341693
7.3416962
7.3416948
7.3416997
7.3416943
7.3417041
7.3416969
7.3416934
7.3416934
7.3416985
7.3416934
7.3416927
7.3416972
7.3416929
7.341701
7.3416976
7.341696
7.3416938
7.3416937
7.3416932
7.3416996
7.3416948
7.3416949
7.3417009
7.3416966
7.3417022
7.3416952
7.3416923
7.3416958
7.3416955
7.341695
7.3416969
7.3416968
7.3417011
7.3416925
7.3416916
7.3416949
7.3416973
7.3416961
7.3417028
7.3416952
7.3416983
7.3416953
7.341704
7.3416924
7.3416969
7.341692
7.3416936
7.3416946
7.3416958
7.3416971
7.3416924
7.3416961
7.3416958
7.3416936
7.3416933
7.3416934
7.3416963
7.3416979
7.3417012
7.3416932
7.3416954
7.3416934
7.341701
7.3416936
7.3417014
7.3416924
7.3416927
7.3417025
7.3416911
7.341698
7.3416983
7.3417001
7.3417013
7.3416986
7.3416935
7.3416928
7.3416925
7.3416922
7.3416958
7.3416966
7.3416925
7.3416929
7.3416964
7.3416969
7.3417019
7.3416948
7.3417008
7.3417076
7.3416929
7.3416961
7.3416929
7.3416966
7.3417008
7.3416926
7.3416967
7.3416981
7.3416978
7.3416917
7.3416961
7.3416931
7.3416914
7.3416985
7.3416975
7.3416907
7.3416934
7.3416994
7.3416957
7.3417064
7.3416923
7.3416891
7.3416964
7.3416954
7.341691
7.3416938
7.3416947
7.3416946
7.3416978
7.3416929
7.3416995
7.3417013
7.3416939
7.3416935
7.3416922
7.3416936
7.341694
7.3417127
7.3416974
7.3416929
7.3416935
7.3416951
7.3416963
7.3416935
7.3416945
7.341695
7.3416947
7.3416944
7.3416927
7.3416962
7.3416939
7.3416918
7.3417051
7.3416928
7.3416908
7.3416993
7.3416981
7.3416924
7.3417033
7.3416923
7.3416957
7.3416959
7.3416987
7.3416964
7.3416927
7.3416917
7.3416944
7.3416968
7.3417036
7.3416943
7.3417001
7.3416941
7.341693
7.3416931
7.3416935
7.3416965
7.3416946
7.3416952
7.3416961
7.3416966
7.3416917
7.3416921
7.3417006
7.341698
7.3416915
7.341698
7.3416912
7.3416923
7.341704
7.3417018
7.3416995
7.3416949
7.3416932
7.3416918
7.3416919
7.3416918
7.3416931
7.3416946
7.3416946
7.3416989
7.3417002
7.3416921
7.3416971
7.3416942
7.3417053
7.3416956
7.3416951
7.3417004
7.3416946
7.3416957
7.3416986
7.3416919
7.3416964
7.3416939
7.341696
7.341693
7.3416954
7.3416911
7.3416963
7.3416993
7.3416926
7.3416995
7.3416938
7.3416954
7.3416975
7.3416957
7.341695
7.3417016
7.3416972
7.3416928
7.3416948
7.3416999
7.3416943
7.3416954
7.3416948
7.3417046
7.341692
7.341695
7.3416947
7.3416922
7.3416942
7.3416933
7.3416929
7.3416932
7.3416971
7.3417
7.3416904
7.3416934
7.3416937
7.3416983
7.3417046
7.3416995
7.3416962
7.3416961
7.3416917
7.3416961
7.3416992
7.3417021
7.3416934
7.3416925
7.3416953
7.3416995
7.3416992
7.3416986
7.3417003
7.3416981
7.3416942
7.3416926
7.3417018
7.3416935
7.3416984
7.3416928
7.3416927
7.3416953
7.3416956
7.341702
7.3416938
7.3416967
7.3416947
7.3416918
7.3416924
7.3416965
7.3416908
7.3416927
7.3417082
7.3416993
7.3416929
7.3417117
7.3416955
7.341694
7.341695
7.3416964
7.3416924
7.3416957
7.3416917
7.3416945
7.3416997
7.3416931
7.3416925
7.3416967
7.3416946
7.3416932
7.3416926
7.3416917
7.3416946
7.3416984
7.341691
7.3416959
7.3416946
7.3416964
7.3416933
7.3416931
7.3416931
7.3416969
7.3416925
7.3417006
7.3416947
7.3416931
7.3416917
7.3416942
7.3417072
7.3416932
7.341698
7.3416914
7.3416974
7.3417022
7.3416917
7.3416973
7.3416932
7.3416942
7.3416948
7.3416921
7.3416964
7.3416933
7.3416983
7.3416943
7.3416944
7.3416997
7.3416957
7.3417077
7.3416946
7.3416964
7.3416913
7.3416974
7.3417058
7.341697
7.3416953
7.3416917
7.3416965
7.3417041
7.3417065
7.3416942
7.341696
7.3416917
7.3416926
7.3416974
7.3416928
7.3416989
7.341697
7.3416974
7.3416956
7.3416917
7.3416951
7.3416924
7.3416941
7.3416938
7.3416948
7.3416918
7.3416918
7.341695
7.3416975
7.3416925
7.3416899
7.3416986
7.3416971
7.3416924
7.3416954
7.3417056
7.3417004
7.3416964
7.3416938
7.3416927
7.3416947
7.341696
7.3416965
7.3416922
7.3416909
7.3416998
7.3416978
7.3416918
7.3416973
7.341704
7.3417003
7.3416934
7.3416972
7.3416927
7.3416974
7.3416964
7.3416941
7.3416935
7.3416966
7.3417032
7.3416938
7.341699
7.3417024
7.3416948
7.3416914
7.3417059
7.341702
7.3416983
7.341693
7.3417129
7.341693
7.3416919
7.3416975
7.341696
7.3416998
7.3416967
7.3416957
7.3416928
7.3416934
7.3416937
7.3416923
7.3416947
7.3416955
7.3416918
7.3416942
7.3416971
7.341702
7.3417007
7.3416954
7.3416946
7.3416986
7.3416921
7.3417001
7.3416987
7.3416976
7.341692
7.3416973
7.3416991
7.3416935
7.341702
7.3416916
7.3417004
7.3416946
7.3416917
7.3417004
7.3416963
7.3416923
7.3416941
7.341692
7.3416924
7.3417089
7.3416932
7.3416946
7.3417025
7.3416954
